Cell 1.1	1	13912	27661
Cell 1.1	1	13756	23893
Cell 1.1	1	13640	20214
Cell 1.1	1	15155	16756
Cell 1.1	1	18498	13830
Cell 1.1	1	21879	15293
Cell 1.1	1	25104	16002
Cell 1.1	1	28679	16667
Cell 1.1	1	29612	20081
Cell 1.1	1	29301	23494
Cell 1.1	1	27358	26819
Cell 1.1	1	17371	29966
Cell 1.1	1	24094	28991
Cell 1.1	1	20752	28326
Cell 1.1	1	17409	26464
Cell 1.1	1	17176	22962
Cell 1.1	1	18575	19017
Cell 1.1	1	21917	19150
Cell 1.1	1	25493	19903
Cell 1.1	1	25726	23317
Cell 1.1	1	22461	25178
Cell 1.1	1	21879	22208
Cell 1.2	1	9909	20657
Cell 1.2	1	11114	16534
Cell 1.2	1	10026	13077
Cell 1.2	1	8083	9752
Cell 1.2	1	4430	10505
Cell 1.2	1	6295	13963
Cell 1.2	1	7655	17332
Cell 1.2	1	6567	20657
Cell 1.2	1	4197	17332
Cell 1.2	1	3225	20568
Cell 1.2	1	2836	13963
Cell 1.3	1	12241	7447
Cell 1.3	1	8782	6339
Cell 1.3	1	12513	3767
Cell 1.3	1	9171	3236
Cell 1.3	1	5751	2925
Cell 1.4	1	20907	37901
Cell 1.4	1	24405	37812
Cell 1.4	1	24249	34532
Cell 1.4	1	27475	33335
Cell 1.4	1	27824	37059
Cell 1.5	1	1865	26907
Cell 1.5	1	2331	30409
Cell 1.5	1	2720	33823
Cell 1.5	1	2487	36970
Cell 1.6	1	29729	1906
Cell 1.6	1	29806	5230
Cell 1.6	1	33265	7713
Cell 1.6	1	33265	2127
Cell 1.6	1	36879	6693
Cell 1.6	1	36840	3014
Cell 2.1	2	11464	14052
Cell 2.1	2	14806	14318
Cell 2.1	2	17992	14185
Cell 2.1	2	21140	15337
Cell 2.1	2	11969	17509
Cell 2.1	2	11541	20878
Cell 2.1	2	12591	24203
Cell 2.1	2	15738	27218
Cell 2.1	2	19080	27971
Cell 2.1	2	22384	28414
Cell 2.1	2	25687	28725
Cell 2.1	2	28835	28148
Cell 2.1	2	29262	24912
Cell 2.1	2	28524	21854
Cell 2.1	2	22384	18618
Cell 2.1	2	25337	21721
Cell 2.1	2	25454	25178
Cell 2.1	2	22189	24912
Cell 2.1	2	22228	21809
Cell 2.1	2	19158	18662
Cell 2.1	2	15777	17642
Cell 2.1	2	15466	20967
Cell 2.1	2	19042	21809
Cell 2.1	2	19080	24868
Cell 2.1	2	15816	24114
Cell 2.2	2	24055	2039
Cell 2.2	2	27513	3856
Cell 2.2	2	30817	4477
Cell 2.2	2	34003	2127
Cell 2.3	2	38123	5851
Cell 2.3	2	34897	6738
Cell 2.3	2	34236	10018
Cell 2.3	2	38123	9397
Cell 2.3	2	34547	13343
Cell 2.3	2	38006	12766
Cell 2.3	2	38084	16047
Cell 2.3	2	35014	16446
Cell 2.4	2	38278	19593
Cell 2.4	2	37695	23051
Cell 2.4	2	35091	28281
Cell 2.4	2	38356	26508
Cell 2.4	2	38161	29922
Cell 2.5	2	38161	33246
Cell 2.5	2	35053	35374
Cell 2.5	2	31866	37812
Cell 2.5	2	34975	38433
Cell 2.5	2	38239	36704
Cell 2.6	2	2331	38034
Cell 2.6	2	5518	38167
Cell 2.6	2	2953	34842
Cell 2.6	2	6178	34886
Cell 2.6	2	9443	34532
Cell 2.6	2	8782	38034
Cell 3.1	3	22500	29922
Cell 3.1	3	19275	28725
Cell 3.1	3	16010	27085
Cell 3.1	3	12746	25489
Cell 3.1	3	11502	22164
Cell 3.1	3	13174	18972
Cell 3.1	3	16477	17376
Cell 3.1	3	20441	14983
Cell 3.1	3	23588	13254
Cell 3.1	3	26658	15958
Cell 3.1	3	29690	19194
Cell 3.1	3	31672	22297
Cell 3.1	3	30117	25444
Cell 3.1	3	26503	28148
Cell 3.1	3	16088	23804
Cell 3.1	3	16321	20657
Cell 3.1	3	19780	18884
Cell 3.1	3	23550	16978
Cell 3.1	3	26464	20125
Cell 3.1	3	26775	23450
Cell 3.1	3	19353	25533
Cell 3.1	3	19508	22120
Cell 3.1	3	22850	26597
Cell 3.1	3	23083	23317
Cell 3.1	3	23083	20125
Cell 3.2	3	16827	13653
Cell 3.2	3	20130	10860
Cell 3.2	3	13290	12722
Cell 3.2	3	16865	10240
Cell 3.2	3	20169	7402
Cell 3.2	3	13484	9353
Cell 3.2	3	16865	6915
Cell 3.2	3	20169	4211
Cell 3.2	3	16943	3457
Cell 3.2	3	13407	5984
Cell 3.2	3	9870	2571
Cell 3.2	3	10181	5851
Cell 3.2	3	10220	9043
Cell 3.2	3	6606	2349
Cell 3.2	3	6839	5851
Cell 3.3	3	37384	2305
Cell 3.3	3	33848	2260
Cell 3.3	3	31866	5674
Cell 3.3	3	30311	9043
Cell 3.3	3	33848	8998
Cell 3.3	3	36335	12589
Cell 3.3	3	30933	12412
Cell 3.3	3	33148	15914
Cell 3.4	3	20790	38034
Cell 3.4	3	20829	34487
Cell 3.4	3	17293	32404
Cell 3.4	3	13834	30365
Cell 3.4	3	10453	31562
Cell 3.4	3	7461	34931
Cell 3.4	3	7189	38167
Cell 3.4	3	10686	34753
Cell 3.4	3	10414	38211
Cell 3.4	3	13601	38167
Cell 3.4	3	13834	34665
Cell 3.4	3	17099	38122
Cell 3.5	3	2137	37989
Cell 3.5	3	3847	34842
Cell 3.5	3	2292	31562
Cell 3.5	3	5712	31207
Cell 3.5	3	2564	27661
Cell 4.1	4	8627	25799
Cell 4.1	4	9831	22519
Cell 4.1	4	10958	19194
Cell 4.1	4	12047	16002
Cell 4.1	4	14495	12589
Cell 4.1	4	16943	9442
Cell 4.1	4	20285	9442
Cell 4.1	4	23627	9708
Cell 4.1	4	24094	13032
Cell 4.1	4	24171	16490
Cell 4.1	4	28135	19238
Cell 4.1	4	31128	15914
Cell 4.1	4	33109	19194
Cell 4.1	4	30350	22607
Cell 4.1	4	31128	25843
Cell 4.1	4	29184	29168
Cell 4.1	4	25959	31296
Cell 4.1	4	22306	31517
Cell 4.1	4	19003	32049
Cell 4.1	4	15117	32360
Cell 4.1	4	12319	28858
Cell 4.1	4	13096	25400
Cell 4.1	4	14184	22075
Cell 4.1	4	15117	18706
Cell 4.1	4	15894	15648
Cell 4.1	4	17681	12589
Cell 4.1	4	20907	12811
Cell 4.1	4	20091	15958
Cell 4.1	4	18420	19105
Cell 4.1	4	21801	19593
Cell 4.1	4	24987	19637
Cell 4.1	4	17526	22341
Cell 4.1	4	16360	25577
Cell 4.1	4	15544	28902
Cell 4.1	4	18808	28813
Cell 4.1	4	19663	25533
Cell 4.1	4	20868	22563
Cell 4.1	4	24055	22696
Cell 4.1	4	22112	28503
Cell 4.1	4	25337	28148
Cell 4.1	4	27203	24114
Cell 4.2	4	2331	18263
Cell 4.2	4	5868	18263
Cell 4.2	4	8704	14983
Cell 4.2	4	11075	11569
Cell 4.2	4	13523	8378
Cell 4.2	4	13640	5142
Cell 4.2	4	11930	2127
Cell 4.2	4	8588	2216
Cell 4.2	4	5246	2260
Cell 4.2	4	2059	2260
Cell 4.2	4	1981	5541
Cell 4.2	4	1981	8732
Cell 4.2	4	1943	11924
Cell 4.2	4	2098	15071
Cell 4.2	4	5440	15116
Cell 4.2	4	5090	5452
Cell 4.2	4	8588	5496
Cell 4.2	4	5207	8644
Cell 4.2	4	8432	8644
Cell 4.2	4	5013	11968
Cell 4.3	4	31633	38167
Cell 4.3	4	34742	34798
Cell 4.3	4	38045	32227
Cell 4.3	4	34936	38078
Cell 4.3	4	38084	35330
Cell 4.3	4	38123	38300
Cell 4.4	4	4818	28060
Cell 4.4	4	5129	31251
Cell 4.4	4	5868	34443
Cell 4.4	4	2020	31340
Cell 4.4	4	2331	34487
Cell 4.4	4	2292	37723
Cell 4.4	4	5712	37945
Cell 4.4	4	17254	38167
Cell 4.4	4	13873	38344
Cell 4.5	4	38123	7491
Cell 4.5	4	37617	10727
Cell 4.5	4	37268	13963
Cell 4.5	4	37423	17199
Cell 4.5	4	37851	20391
